934,950
934,949
934,947
937,950
941,951
937,954
937,950
934,956
935,949
935,951
934,953
935,949
935,950
937,951
936,947
937,949
936,949
936,953
934,951
937,951
933,950
935,949
937,952
936,947
934,951
936,948
937,950
934,950
936,953
933,945
936,954
937,950
936,953
935,950
937,949
937,949
936,950
935,950
937,949
936,951
936,951
934,951
936,951
934,948
934,950
936,949
940,949
934,950
936,948
936,951
935,947
935,954
941,947
936,949
936,950
939,949
935,948
936,948
938,951
940,953
936,950
939,951
935,956
936,948
936,949
936,950
936,949
936,949
936,950
936,952
936,949
937,950
935,957
934,951
936,951
935,954
935,949
936,950
941,949
936,949
939,942
940,953
935,950
934,951
934,951
935,950
936,948
939,949
936,949
936,950
936,949
937,951
934,950
934,949
934,951
936,948
934,951
939,951
934,947
936,949
936,951
934,950
937,949
940,948
935,956
936,950
936,948
935,949
934,949
937,948
938,950
934,949
935,948
940,951
936,954
935,950
936,951
935,949
939,950
940,949
941,951
937,947
936,949
933,954
